
> catch-the-lion@0.1.0 tauri
> tauri dev


> catch-the-lion@0.1.0 dev
> vite


  VITE v5.4.8  ready in 423 ms

  ➜  Local:   http://localhost:1420/
after layer norm: Tensor {
  data:
[[[1.2474853, 0.4692521, 1.0777359, ..., -0.0014419832, -0.0014419832, -0.0014419832],
  [-0.49518502, -0.77045214, 0.28068233, ..., -0.33443913, -0.33443913, -0.33443913],
  [-0.30550963, -0.35230044, -1.1610111, ..., -0.41429654, -0.41429654, -0.41429654],
  ...
  [-2.2075367, -1.3578933, -1.4435774, ..., -0.536598, -0.536598, -0.536598],
  [-2.3574848, -1.6262203, -1.0617244, ..., 0.7238569, 0.7238569, 0.7238569],
  [-1.1083221, -0.85527366, -0.2288452, ..., -0.049023654, -0.049023654, -0.049023654]]],
  shape:  [1, 256, 48],
  device:  Cpu,
  backend:  "candle",
  kind:  "Float",
  dtype:  "f32",
}
after permute: Tensor {
  data:
[[[1.2474853, -0.49518502, -0.30550963, ..., -2.2075367, -2.3574848, -1.1083221],
  [0.4692521, -0.77045214, -0.35230044, ..., -1.3578933, -1.6262203, -0.85527366],
  [1.0777359, 0.28068233, -1.1610111, ..., -1.4435774, -1.0617244, -0.2288452],
  ...
  [-0.0014419832, -0.33443913, -0.41429654, ..., -0.536598, 0.7238569, -0.049023654],
  [-0.0014419832, -0.33443913, -0.41429654, ..., -0.536598, 0.7238569, -0.049023654],
  [-0.0014419832, -0.33443913, -0.41429654, ..., -0.536598, 0.7238569, -0.049023654]]],
  shape:  [1, 48, 256],
  device:  Cpu,
  backend:  "candle",
  kind:  "Float",
  dtype:  "f32",
}
encoder layer 0 Tensor {
  data:
[[[1.2474853, -0.49518502, -0.30550963, ..., -2.2075367, -2.3574848, -1.1083221],
  [0.4692521, -0.77045214, -0.35230044, ..., -1.3578933, -1.6262203, -0.85527366],
  [1.0777359, 0.28068233, -1.1610111, ..., -1.4435774, -1.0617244, -0.2288452],
  ...
  [-0.0014419832, -0.33443913, -0.41429654, ..., -0.536598, 0.7238569, -0.049023654],
  [-0.0014419832, -0.33443913, -0.41429654, ..., -0.536598, 0.7238569, -0.049023654],
  [-0.0014419832, -0.33443913, -0.41429654, ..., -0.536598, 0.7238569, -0.049023654]]],
  shape:  [1, 48, 256],
  device:  Cpu,
  backend:  "candle",
  kind:  "Float",
  dtype:  "f32",
}
residual_path Tensor {
  data:
[[[1.2474853, -0.49518502, -0.30550963, ..., -2.2075367, -2.3574848, -1.1083221],
  [0.4692521, -0.77045214, -0.35230044, ..., -1.3578933, -1.6262203, -0.85527366],
  [1.0777359, 0.28068233, -1.1610111, ..., -1.4435774, -1.0617244, -0.2288452],
  ...
  [-0.0014419832, -0.33443913, -0.41429654, ..., -0.536598, 0.7238569, -0.049023654],
  [-0.0014419832, -0.33443913, -0.41429654, ..., -0.536598, 0.7238569, -0.049023654],
  [-0.0014419832, -0.33443913, -0.41429654, ..., -0.536598, 0.7238569, -0.049023654]]],
  shape:  [1, 48, 256],
  device:  Cpu,
  backend:  "candle",
  kind:  "Float",
  dtype:  "f32",
}
start multihead attention
query: Tensor {
  data:
[[[[1.0076988, -0.5765337, 1.3997674, ..., 1.5518582, -0.62602675, -0.17404048],
   [1.3130335, 0.11416838, 1.1145388, ..., 1.11268, -1.6435677, -0.43666393],
   [0.19065829, -0.51422435, 1.3774514, ..., 1.0429949, -0.070909485, -0.9120832],
   ...
   [0.51239866, 0.005392894, 0.26772878, ..., 1.0776188, 0.80229026, -0.77445215],
   [0.51239866, 0.005392894, 0.26772878, ..., 1.0776188, 0.80229026, -0.77445215],
   [0.51239866, 0.005392894, 0.26772878, ..., 1.0776188, 0.80229026, -0.77445215]],
  [[0.8996704, -0.63561714, -1.3934855, ..., -0.57152975, 0.07827255, 1.5899316],
   [0.090186656, -1.3839879, -1.0350847, ..., -0.36430833, -0.75725657, 0.93603945],
   [-0.6319306, 0.118431345, -0.89167476, ..., -1.0159793, -0.64784074, 0.7388362],
   ...
   [0.51575005, -1.6794605, -1.3444153, ..., 0.16852798, -0.27304682, -0.2135044],
   [0.51575005, -1.6794605, -1.3444153, ..., 0.16852798, -0.27304682, -0.2135044],
   [0.51575005, -1.6794605, -1.3444153, ..., 0.16852798, -0.27304682, -0.2135044]],
  [[0.56206185, 0.12752312, 1.23636, ..., -0.29399186, 0.62268716, -0.9891792],
   [0.30381003, -1.02552, 0.40713263, ..., -0.07829121, 0.22019379, -0.93326986],
   [0.6721876, -0.08419363, 0.47594267, ..., 0.6828384, -0.04815258, -0.57823044],
   ...
   [1.4018741, 1.1484263, -0.22128549, ..., 0.29891396, 0.52994657, 0.47814792],
   [1.4018741, 1.1484263, -0.22128549, ..., 0.29891396, 0.52994657, 0.47814792],
   [1.4018741, 1.1484263, -0.22128549, ..., 0.29891396, 0.52994657, 0.47814792]],
  [[-1.4966501, 0.8053678, -1.4614607, ..., -1.02963, -0.8389703, 1.2847749],
   [-1.2072083, 1.010799, -0.9485951, ..., -0.095175095, -0.7805674, 2.2294693],
   [-1.1964889, 1.4188046, -1.5239648, ..., -0.16662052, 0.089336164, 1.599558],
   ...
   [1.040196, 0.7095316, 1.4329281, ..., 0.4798277, -0.24375716, 0.43809214],
   [1.040196, 0.7095316, 1.4329281, ..., 0.4798277, -0.24375716, 0.43809214],
   [1.040196, 0.7095316, 1.4329281, ..., 0.4798277, -0.24375716, 0.43809214]]]],
  shape:  [1, 4, 48, 64],
  device:  Cpu,
  backend:  "candle",
  kind:  "Float",
  dtype:  "f32",
}
query: Tensor {
  data:
[[[[0.8996704, -0.63561714, -1.3934855, ..., -0.57152975, 0.07827255, 1.5899316],
   [0.090186656, -1.3839879, -1.0350847, ..., -0.36430833, -0.75725657, 0.93603945],
   [-0.6319306, 0.118431345, -0.89167476, ..., -1.0159793, -0.64784074, 0.7388362],
   ...
   [0.51575005, -1.6794605, -1.3444153, ..., 0.16852798, -0.27304682, -0.2135044],
   [0.51575005, -1.6794605, -1.3444153, ..., 0.16852798, -0.27304682, -0.2135044],
   [0.51575005, -1.6794605, -1.3444153, ..., 0.16852798, -0.27304682, -0.2135044]],
  [[0.56206185, 0.12752312, 1.23636, ..., -0.29399186, 0.62268716, -0.9891792],
   [0.30381003, -1.02552, 0.40713263, ..., -0.07829121, 0.22019379, -0.93326986],
   [0.6721876, -0.08419363, 0.47594267, ..., 0.6828384, -0.04815258, -0.57823044],
   ...
   [1.4018741, 1.1484263, -0.22128549, ..., 0.29891396, 0.52994657, 0.47814792],
   [1.4018741, 1.1484263, -0.22128549, ..., 0.29891396, 0.52994657, 0.47814792],
   [1.4018741, 1.1484263, -0.22128549, ..., 0.29891396, 0.52994657, 0.47814792]],
  [[-1.4966501, 0.8053678, -1.4614607, ..., -1.02963, -0.8389703, 1.2847749],
   [-1.2072083, 1.010799, -0.9485951, ..., -0.095175095, -0.7805674, 2.2294693],
   [-1.1964889, 1.4188046, -1.5239648, ..., -0.16662052, 0.089336164, 1.599558],
   ...
   [1.040196, 0.7095316, 1.4329281, ..., 0.4798277, -0.24375716, 0.43809214],
   [1.040196, 0.7095316, 1.4329281, ..., 0.4798277, -0.24375716, 0.43809214],
   [1.040196, 0.7095316, 1.4329281, ..., 0.4798277, -0.24375716, 0.43809214]],
  [[-1.252749, -0.674912, -2.053441, ..., 1.4247502, -0.7606374, -0.0031436153],
   [-2.0620003, -0.8489953, -1.8421212, ..., 1.8991294, -1.1155988, 0.6419402],
   [-2.1982286, -0.2533536, -1.0675187, ..., 1.6076448, -0.34005827, 0.20907725],
   ...
   [-0.60142726, -0.36553696, 0.9540335, ..., 1.0184689, -0.77872, -1.3338768],
   [-0.60142726, -0.36553696, 0.9540335, ..., 1.0184689, -0.77872, -1.3338768],
   [-0.60142726, -0.36553696, 0.9540335, ..., 1.0184689, -0.77872, -1.3338768]]]],
  shape:  [1, 4, 48, 64],
  device:  Cpu,
  backend:  "candle",
  kind:  "Float",
  dtype:  "f32",
}
value: Tensor {
  data:
[[[[0.56206185, 0.12752312, 1.23636, ..., -0.29399186, 0.62268716, -0.9891792],
   [0.30381003, -1.02552, 0.40713263, ..., -0.07829121, 0.22019379, -0.93326986],
   [0.6721876, -0.08419363, 0.47594267, ..., 0.6828384, -0.04815258, -0.57823044],
   ...
   [1.4018741, 1.1484263, -0.22128549, ..., 0.29891396, 0.52994657, 0.47814792],
   [1.4018741, 1.1484263, -0.22128549, ..., 0.29891396, 0.52994657, 0.47814792],
   [1.4018741, 1.1484263, -0.22128549, ..., 0.29891396, 0.52994657, 0.47814792]],
  [[-1.4966501, 0.8053678, -1.4614607, ..., -1.02963, -0.8389703, 1.2847749],
   [-1.2072083, 1.010799, -0.9485951, ..., -0.095175095, -0.7805674, 2.2294693],
   [-1.1964889, 1.4188046, -1.5239648, ..., -0.16662052, 0.089336164, 1.599558],
   ...
   [1.040196, 0.7095316, 1.4329281, ..., 0.4798277, -0.24375716, 0.43809214],
   [1.040196, 0.7095316, 1.4329281, ..., 0.4798277, -0.24375716, 0.43809214],
   [1.040196, 0.7095316, 1.4329281, ..., 0.4798277, -0.24375716, 0.43809214]],
  [[-1.252749, -0.674912, -2.053441, ..., 1.4247502, -0.7606374, -0.0031436153],
   [-2.0620003, -0.8489953, -1.8421212, ..., 1.8991294, -1.1155988, 0.6419402],
   [-2.1982286, -0.2533536, -1.0675187, ..., 1.6076448, -0.34005827, 0.20907725],
   ...
   [-0.60142726, -0.36553696, 0.9540335, ..., 1.0184689, -0.77872, -1.3338768],
   [-0.60142726, -0.36553696, 0.9540335, ..., 1.0184689, -0.77872, -1.3338768],
   [-0.60142726, -0.36553696, 0.9540335, ..., 1.0184689, -0.77872, -1.3338768]],
  [[-0.14742804, -0.5858842, -1.8692046, ..., -1.8377175, -1.5017847, 0.14301927],
   [0.2990237, 0.15796079, -1.8750225, ..., -1.7701399, -1.0185134, 0.626024],
   [0.62023115, 0.041139476, -1.5830356, ..., -0.8294683, -0.8265844, 0.60542494],
   ...
   [2.993508, -1.0767487, -2.0636692, ..., 0.8646273, 0.24802531, -0.4032631],
   [2.993508, -1.0767487, -2.0636692, ..., 0.8646273, 0.24802531, -0.4032631],
   [2.993508, -1.0767487, -2.0636692, ..., 0.8646273, 0.24802531, -0.4032631]]]],
  shape:  [1, 4, 48, 64],
  device:  Cpu,
  backend:  "candle",
  kind:  "Float",
  dtype:  "f32",
}
after mha forward Tensor {
  data:
[[[0.115771204, -0.067160815, 0.047334615, ..., 0.36339158, 0.20899841, 0.08908102],
  [0.019526739, -0.17401919, 0.17779677, ..., 0.3461507, 0.20742196, 0.09776564],
  [0.0047634086, -0.07458654, 0.15212268, ..., 0.26141208, 0.10057222, -0.03912078],
  ...
  [-0.10406308, -0.12056655, -0.19215606, ..., -0.040503543, -0.0694686, -0.03347916],
  [-0.10406308, -0.12056655, -0.19215606, ..., -0.040503543, -0.0694686, -0.03347916],
  [-0.10406308, -0.12056655, -0.19215606, ..., -0.040503543, -0.0694686, -0.03347916]]],
  shape:  [1, 48, 256],
  device:  Cpu,
  backend:  "candle",
  kind:  "Float",
  dtype:  "f32",
}
after mha_foward, x + residual path Tensor {
  data:
[[[1.3632565, -0.56234586, -0.25817502, ..., -1.844145, -2.1484864, -1.0192411],
  [0.48877886, -0.94447136, -0.17450367, ..., -1.0117426, -1.4187984, -0.75750804],
  [1.0824993, 0.20609578, -1.0088885, ..., -1.1821654, -0.9611522, -0.26796597],
  ...
  [-0.105505064, -0.45500568, -0.6064526, ..., -0.5771016, 0.6543883, -0.08250281],
  [-0.105505064, -0.45500568, -0.6064526, ..., -0.5771016, 0.6543883, -0.08250281],
  [-0.105505064, -0.45500568, -0.6064526, ..., -0.5771016, 0.6543883, -0.08250281]]],
  shape:  [1, 48, 256],
  device:  Cpu,
  backend:  "candle",
  kind:  "Float",
  dtype:  "f32",
}
after pwff Tensor {
  data:
[[[-0.13191684, -2.7968335, -0.37308776, ..., -1.2942997, 0.14109659, 0.77874523],
  [0.13701871, -2.4667757, -0.5248542, ..., -1.3752377, 0.1539969, 0.7173171],
  [0.2405224, -1.908943, -0.68092906, ..., -1.9477555, -0.15522099, 0.91659975],
  ...
  [-0.33304912, -0.19022065, -0.9931333, ..., -0.73744094, 0.5151856, 0.31814498],
  [-0.33304912, -0.19022065, -0.9931333, ..., -0.73744094, 0.5151856, 0.31814498],
  [-0.33304912, -0.19022065, -0.9931333, ..., -0.73744094, 0.5151856, 0.31814498]]],
  shape:  [1, 48, 256],
  device:  Cpu,
  backend:  "candle",
  kind:  "Float",
  dtype:  "f32",
}
after dropout Tensor {
  data:
[[[-0.13191684, -2.7968335, -0.37308776, ..., -1.2942997, 0.14109659, 0.77874523],
  [0.13701871, -2.4667757, -0.5248542, ..., -1.3752377, 0.1539969, 0.7173171],
  [0.2405224, -1.908943, -0.68092906, ..., -1.9477555, -0.15522099, 0.91659975],
  ...
  [-0.33304912, -0.19022065, -0.9931333, ..., -0.73744094, 0.5151856, 0.31814498],
  [-0.33304912, -0.19022065, -0.9931333, ..., -0.73744094, 0.5151856, 0.31814498],
  [-0.33304912, -0.19022065, -0.9931333, ..., -0.73744094, 0.5151856, 0.31814498]]],
  shape:  [1, 48, 256],
  device:  Cpu,
  backend:  "candle",
  kind:  "Float",
  dtype:  "f32",
}
x + residual Tensor {
  data:
[[[1.1267629, -3.3778045, -0.6501818, ..., -3.0677533, -1.9597363, -0.1899904],
  [0.54318357, -3.4272668, -0.7432102, ..., -2.3805552, -1.2641813, -0.025153458],
  [1.5080184, -1.6730909, -1.8334104, ..., -3.287951, -1.2639228, 0.65001583],
  ...
  [-0.4635067, -0.7699199, -1.7501427, ..., -1.4491485, 1.3501966, 0.24284133],
  [-0.4635067, -0.7699199, -1.7501427, ..., -1.4491485, 1.3501966, 0.24284133],
  [-0.4635067, -0.7699199, -1.7501427, ..., -1.4491485, 1.3501966, 0.24284133]]],
  shape:  [1, 48, 256],
  device:  Cpu,
  backend:  "candle",
  kind:  "Float",
  dtype:  "f32",
}
after norm2 Tensor {
  data:
[[[0.7043152, -2.10302, -0.40658695, ..., -1.8949666, -1.2380692, -0.099238336],
  [0.34170875, -2.1055617, -0.45495045, ..., -1.4490396, -0.78466433, 0.007534019],
  [0.82478297, -0.9404978, -1.0397731, ..., -1.8194624, -0.7236644, 0.3599397],
  ...
  [-0.29119402, -0.4708525, -1.0519377, ..., -0.8576219, 0.7758504, 0.13595265],
  [-0.29119402, -0.4708525, -1.0519377, ..., -0.8576219, 0.7758504, 0.13595265],
  [-0.29119402, -0.4708525, -1.0519377, ..., -0.8576219, 0.7758504, 0.13595265]]],
  shape:  [1, 48, 256],
  device:  Cpu,
  backend:  "candle",
  kind:  "Float",
  dtype:  "f32",
}
encoder layer 1 Tensor {
  data:
[[[0.7043152, -2.10302, -0.40658695, ..., -1.8949666, -1.2380692, -0.099238336],
  [0.34170875, -2.1055617, -0.45495045, ..., -1.4490396, -0.78466433, 0.007534019],
  [0.82478297, -0.9404978, -1.0397731, ..., -1.8194624, -0.7236644, 0.3599397],
  ...
  [-0.29119402, -0.4708525, -1.0519377, ..., -0.8576219, 0.7758504, 0.13595265],
  [-0.29119402, -0.4708525, -1.0519377, ..., -0.8576219, 0.7758504, 0.13595265],
  [-0.29119402, -0.4708525, -1.0519377, ..., -0.8576219, 0.7758504, 0.13595265]]],
  shape:  [1, 48, 256],
  device:  Cpu,
  backend:  "candle",
  kind:  "Float",
  dtype:  "f32",
}
residual_path Tensor {
  data:
[[[0.7043152, -2.10302, -0.40658695, ..., -1.8949666, -1.2380692, -0.099238336],
  [0.34170875, -2.1055617, -0.45495045, ..., -1.4490396, -0.78466433, 0.007534019],
  [0.82478297, -0.9404978, -1.0397731, ..., -1.8194624, -0.7236644, 0.3599397],
  ...
  [-0.29119402, -0.4708525, -1.0519377, ..., -0.8576219, 0.7758504, 0.13595265],
  [-0.29119402, -0.4708525, -1.0519377, ..., -0.8576219, 0.7758504, 0.13595265],
  [-0.29119402, -0.4708525, -1.0519377, ..., -0.8576219, 0.7758504, 0.13595265]]],
  shape:  [1, 48, 256],
  device:  Cpu,
  backend:  "candle",
  kind:  "Float",
  dtype:  "f32",
}
start multihead attention
query: Tensor {
  data:
[[[[1.5089934, 0.5763846, -0.548506, ..., 1.5647864, -0.2705629, 2.0205343],
   [1.1485759, 0.7689756, -0.86800265, ..., 1.4687647, -0.3725604, 1.5234303],
   [0.003185758, 1.2405795, -1.3118204, ..., 2.5480359, -0.15147983, 0.9058529],
   ...
   [0.6639222, 1.5420433, 0.21932152, ..., 1.8070182, -0.70207816, -0.60148233],
   [0.6639222, 1.5420433, 0.21932152, ..., 1.8070182, -0.70207816, -0.60148233],
   [0.6639222, 1.5420433, 0.21932152, ..., 1.8070182, -0.70207816, -0.60148233]],
  [[-0.19232047, -1.314904, -1.0135889, ..., -0.65638834, -0.48274308, 1.137189],
   [-0.5304055, -1.8130507, -1.0626069, ..., -1.0592204, -1.2011108, 0.2165675],
   [-0.27405939, -0.20598687, -0.6284968, ..., -1.963433, -1.143071, 0.342535],
   ...
   [1.0363886, -1.001059, -1.5631542, ..., -0.20286967, -0.61580104, -0.34433752],
   [1.0363886, -1.001059, -1.5631542, ..., -0.20286967, -0.61580104, -0.34433752],
   [1.0363886, -1.001059, -1.5631542, ..., -0.20286967, -0.61580104, -0.34433752]],
  [[-0.24123909, -1.2415681, -0.63164794, ..., -0.031006062, 1.9268478, -2.0015633],
   [-0.2573646, -1.7943015, -1.0523762, ..., -0.1419766, 1.7559867, -1.8630248],
   [-0.39906606, -1.5334786, -1.0394993, ..., -0.107178815, 1.8363203, -1.8413997],
   ...
   [0.35018897, 0.37868795, -0.91008043, ..., -0.25966802, 2.4873235, -0.38474062],
   [0.35018897, 0.37868795, -0.91008043, ..., -0.25966802, 2.4873235, -0.38474062],
   [0.35018897, 0.37868795, -0.91008043, ..., -0.25966802, 2.4873235, -0.38474062]],
  [[-2.6785874, 0.19568226, -1.3841616, ..., 0.15855505, 0.17606641, 1.5228585],
   [-2.7089639, 0.38433078, -0.9533973, ..., 0.5043159, -0.21557237, 1.9346306],
   [-3.221156, 0.23061085, -1.3375438, ..., 0.15268704, 0.32427862, 1.8272967],
   ...
   [-0.37271035, -0.35565984, 1.0405885, ..., -1.1839978, 0.9429461, 0.74845856],
   [-0.37271035, -0.35565984, 1.0405885, ..., -1.1839978, 0.9429461, 0.74845856],
   [-0.37271035, -0.35565984, 1.0405885, ..., -1.1839978, 0.9429461, 0.74845856]]]],
  shape:  [1, 4, 48, 64],
  device:  Cpu,
  backend:  "candle",
  kind:  "Float",
  dtype:  "f32",
}
query: Tensor {
  data:
[[[[-0.19232047, -1.314904, -1.0135889, ..., -0.65638834, -0.48274308, 1.137189],
   [-0.5304055, -1.8130507, -1.0626069, ..., -1.0592204, -1.2011108, 0.2165675],
   [-0.27405939, -0.20598687, -0.6284968, ..., -1.963433, -1.143071, 0.342535],
   ...
   [1.0363886, -1.001059, -1.5631542, ..., -0.20286967, -0.61580104, -0.34433752],
   [1.0363886, -1.001059, -1.5631542, ..., -0.20286967, -0.61580104, -0.34433752],
   [1.0363886, -1.001059, -1.5631542, ..., -0.20286967, -0.61580104, -0.34433752]],
  [[-0.24123909, -1.2415681, -0.63164794, ..., -0.031006062, 1.9268478, -2.0015633],
   [-0.2573646, -1.7943015, -1.0523762, ..., -0.1419766, 1.7559867, -1.8630248],
   [-0.39906606, -1.5334786, -1.0394993, ..., -0.107178815, 1.8363203, -1.8413997],
   ...
   [0.35018897, 0.37868795, -0.91008043, ..., -0.25966802, 2.4873235, -0.38474062],
   [0.35018897, 0.37868795, -0.91008043, ..., -0.25966802, 2.4873235, -0.38474062],
   [0.35018897, 0.37868795, -0.91008043, ..., -0.25966802, 2.4873235, -0.38474062]],
  [[-2.6785874, 0.19568226, -1.3841616, ..., 0.15855505, 0.17606641, 1.5228585],
   [-2.7089639, 0.38433078, -0.9533973, ..., 0.5043159, -0.21557237, 1.9346306],
   [-3.221156, 0.23061085, -1.3375438, ..., 0.15268704, 0.32427862, 1.8272967],
   ...
   [-0.37271035, -0.35565984, 1.0405885, ..., -1.1839978, 0.9429461, 0.74845856],
   [-0.37271035, -0.35565984, 1.0405885, ..., -1.1839978, 0.9429461, 0.74845856],
   [-0.37271035, -0.35565984, 1.0405885, ..., -1.1839978, 0.9429461, 0.74845856]],
  [[1.3780996, -1.4195511, -1.4916745, ..., 0.8908545, 0.19754416, 0.7950962],
   [1.0122383, -1.2470818, -1.4298668, ..., 1.314457, -0.20701398, 1.2408096],
   [1.1476275, -0.67217666, -1.4729146, ..., 0.905594, 0.5724041, 1.5900955],
   ...
   [1.5158612, 0.77801067, 0.6479683, ..., 0.8389426, -0.69017977, 0.046059556],
   [1.5158612, 0.77801067, 0.6479683, ..., 0.8389426, -0.69017977, 0.046059556],
   [1.5158612, 0.77801067, 0.6479683, ..., 0.8389426, -0.69017977, 0.046059556]]]],
  shape:  [1, 4, 48, 64],
  device:  Cpu,
  backend:  "candle",
  kind:  "Float",
  dtype:  "f32",
}
value: Tensor {
  data:
[[[[-0.24123909, -1.2415681, -0.63164794, ..., -0.031006062, 1.9268478, -2.0015633],
   [-0.2573646, -1.7943015, -1.0523762, ..., -0.1419766, 1.7559867, -1.8630248],
   [-0.39906606, -1.5334786, -1.0394993, ..., -0.107178815, 1.8363203, -1.8413997],
   ...
   [0.35018897, 0.37868795, -0.91008043, ..., -0.25966802, 2.4873235, -0.38474062],
   [0.35018897, 0.37868795, -0.91008043, ..., -0.25966802, 2.4873235, -0.38474062],
   [0.35018897, 0.37868795, -0.91008043, ..., -0.25966802, 2.4873235, -0.38474062]],
  [[-2.6785874, 0.19568226, -1.3841616, ..., 0.15855505, 0.17606641, 1.5228585],
   [-2.7089639, 0.38433078, -0.9533973, ..., 0.5043159, -0.21557237, 1.9346306],
   [-3.221156, 0.23061085, -1.3375438, ..., 0.15268704, 0.32427862, 1.8272967],
   ...
   [-0.37271035, -0.35565984, 1.0405885, ..., -1.1839978, 0.9429461, 0.74845856],
   [-0.37271035, -0.35565984, 1.0405885, ..., -1.1839978, 0.9429461, 0.74845856],
   [-0.37271035, -0.35565984, 1.0405885, ..., -1.1839978, 0.9429461, 0.74845856]],
  [[1.3780996, -1.4195511, -1.4916745, ..., 0.8908545, 0.19754416, 0.7950962],
   [1.0122383, -1.2470818, -1.4298668, ..., 1.314457, -0.20701398, 1.2408096],
   [1.1476275, -0.67217666, -1.4729146, ..., 0.905594, 0.5724041, 1.5900955],
   ...
   [1.5158612, 0.77801067, 0.6479683, ..., 0.8389426, -0.69017977, 0.046059556],
   [1.5158612, 0.77801067, 0.6479683, ..., 0.8389426, -0.69017977, 0.046059556],
   [1.5158612, 0.77801067, 0.6479683, ..., 0.8389426, -0.69017977, 0.046059556]],
  [[-0.45500675, -1.759292, -1.3707435, ..., -0.85283554, -0.33219305, -0.2856414],
   [-0.015472402, -1.247033, -1.8328567, ..., -0.8532965, -0.018301057, -0.11780526],
   [0.0037045027, -1.5657808, -1.4342961, ..., -0.5552087, 0.21632455, 0.24774392],
   ...
   [2.9591947, -1.3510679, -1.9137045, ..., 1.7911576, 1.0015668, 0.43542358],
   [2.9591947, -1.3510679, -1.9137045, ..., 1.7911576, 1.0015668, 0.43542358],
   [2.9591947, -1.3510679, -1.9137045, ..., 1.7911576, 1.0015668, 0.43542358]]]],
  shape:  [1, 4, 48, 64],
  device:  Cpu,
  backend:  "candle",
  kind:  "Float",
  dtype:  "f32",
}
after mha forward Tensor {
  data:
[[[-0.24414748, -0.28957406, 0.6731236, ..., 0.058540612, 0.8606901, 0.07169215],
  [-0.3625506, -0.30059475, 0.64015114, ..., 0.025790347, 0.8660933, 0.05259146],
  [-0.30698615, -0.35970184, 0.6926831, ..., 0.030769091, 0.89099413, 0.08301933],
  ...
  [-0.040736146, -0.34983608, 0.17339098, ..., -0.008532855, 0.67119986, 0.016272608],
  [-0.040736146, -0.34983608, 0.17339098, ..., -0.008532855, 0.67119986, 0.016272608],
  [-0.040736146, -0.34983608, 0.17339098, ..., -0.008532855, 0.67119986, 0.016272608]]],
  shape:  [1, 48, 256],
  device:  Cpu,
  backend:  "candle",
  kind:  "Float",
  dtype:  "f32",
}
after mha_foward, x + residual path Tensor {
  data:
[[[0.4601677, -2.392594, 0.26653665, ..., -1.836426, -0.37737906, -0.02754619],
  [-0.020841837, -2.4061565, 0.18520069, ..., -1.4232492, 0.081428945, 0.06012548],
  [0.5177968, -1.3001996, -0.34709, ..., -1.7886933, 0.16732973, 0.442959],
  ...
  [-0.33193016, -0.8206886, -0.8785467, ..., -0.8661548, 1.4470503, 0.15222526],
  [-0.33193016, -0.8206886, -0.8785467, ..., -0.8661548, 1.4470503, 0.15222526],
  [-0.33193016, -0.8206886, -0.8785467, ..., -0.8661548, 1.4470503, 0.15222526]]],
  shape:  [1, 48, 256],
  device:  Cpu,
  backend:  "candle",
  kind:  "Float",
  dtype:  "f32",
}
after pwff Tensor {
  data:
[[[-0.95390755, -0.40583092, -0.74592596, ..., -0.6310347, -0.5265045, 0.024481697],
  [-0.85691935, -0.1213072, -0.65079087, ..., -0.5569927, -0.42304945, -0.043804463],
  [-1.3557302, 0.01254891, -0.9808765, ..., -0.5318534, -0.7630261, -0.006576337],
  ...
  [-1.3611313, -0.23997371, -1.4250641, ..., -0.22833353, -1.6106097, 0.48331848],
  [-1.3611313, -0.23997371, -1.4250641, ..., -0.22833353, -1.6106097, 0.48331848],
  [-1.3611313, -0.23997371, -1.4250641, ..., -0.22833353, -1.6106097, 0.48331848]]],
  shape:  [1, 48, 256],
  device:  Cpu,
  backend:  "candle",
  kind:  "Float",
  dtype:  "f32",
}
after dropout Tensor {
  data:
[[[-0.95390755, -0.40583092, -0.74592596, ..., -0.6310347, -0.5265045, 0.024481697],
  [-0.85691935, -0.1213072, -0.65079087, ..., -0.5569927, -0.42304945, -0.043804463],
  [-1.3557302, 0.01254891, -0.9808765, ..., -0.5318534, -0.7630261, -0.006576337],
  ...
  [-1.3611313, -0.23997371, -1.4250641, ..., -0.22833353, -1.6106097, 0.48331848],
  [-1.3611313, -0.23997371, -1.4250641, ..., -0.22833353, -1.6106097, 0.48331848],
  [-1.3611313, -0.23997371, -1.4250641, ..., -0.22833353, -1.6106097, 0.48331848]]],
  shape:  [1, 48, 256],
  device:  Cpu,
  backend:  "candle",
  kind:  "Float",
  dtype:  "f32",
}
x + residual Tensor {
  data:
[[[-0.51379097, -2.723782, -0.49665767, ..., -2.4023242, -0.9116984, 0.0031580422],
  [-0.88817865, -2.4652271, -0.48474032, ..., -1.9399207, -0.3638491, 0.015187398],
  [-0.85303104, -1.2838887, -1.341805, ..., -2.3031476, -0.61670125, 0.43217346],
  ...
  [-1.7160895, -1.06695, -2.3195536, ..., -1.0947561, -0.22813702, 0.6118713],
  [-1.7160895, -1.06695, -2.3195536, ..., -1.0947561, -0.22813702, 0.6118713],
  [-1.7160895, -1.06695, -2.3195536, ..., -1.0947561, -0.22813702, 0.6118713]]],
  shape:  [1, 48, 256],
  device:  Cpu,
  backend:  "candle",
  kind:  "Float",
  dtype:  "f32",
}
after norm2 Tensor {
  data:
[[[-0.37650535, -2.0821478, -0.36564642, ..., -1.8326184, -0.70701, -0.014669543],
  [-0.67026585, -1.9028728, -0.36015955, ..., -1.4940561, -0.2773831, -0.0055346973],
  [-0.6029281, -0.9303798, -0.9644655, ..., -1.6579926, -0.45039713, 0.28937617],
  ...
  [-1.1122469, -0.70630616, -1.5210329, ..., -0.7203557, -0.15062553, 0.37178782],
  [-1.1122469, -0.70630616, -1.5210329, ..., -0.7203557, -0.15062553, 0.37178782],
  [-1.1122469, -0.70630616, -1.5210329, ..., -0.7203557, -0.15062553, 0.37178782]]],
  shape:  [1, 48, 256],
  device:  Cpu,
  backend:  "candle",
  kind:  "Float",
  dtype:  "f32",
}
after transformer encoder: Tensor {
  data:
[[[-0.37650535, -2.0821478, -0.36564642, ..., -1.8326184, -0.70701, -0.014669543],
  [-0.67026585, -1.9028728, -0.36015955, ..., -1.4940561, -0.2773831, -0.0055346973],
  [-0.6029281, -0.9303798, -0.9644655, ..., -1.6579926, -0.45039713, 0.28937617],
  ...
  [-1.1122469, -0.70630616, -1.5210329, ..., -0.7203557, -0.15062553, 0.37178782],
  [-1.1122469, -0.70630616, -1.5210329, ..., -0.7203557, -0.15062553, 0.37178782],
  [-1.1122469, -0.70630616, -1.5210329, ..., -0.7203557, -0.15062553, 0.37178782]]],
  shape:  [1, 48, 256],
  device:  Cpu,
  backend:  "candle",
  kind:  "Float",
  dtype:  "f32",
}
Tensor {
  data:
[0.0, 0.0, 0.0, 0.0, 0.0, 0.0, 0.0, 0.0, 0.0, 1.6609517, 1.5455637, 1.5455637, 1.3304161, 1.3979591, 1.3991287, 1.3991287, 1.5634608, 0.0, 0.0, 0.0, 0.0, 0.0, 0.0, 0.0, 0.0, 0.0, 0.0, 0.0, 0.0, 0.0, 0.0, 0.0, 0.0, 0.0, 0.0, 0.0, 0.0, 0.0, 0.0, 0.0, 0.0, 0.0, 0.0, 0.0, 0.0, 0.0, 0.0, 0.0],
  shape:  [48],
  device:  Cpu,
  backend:  "candle",
  kind:  "Float",
  dtype:  "f32",
}
Tensor {
  data:
[9],
  shape:  [1],
  device:  Cpu,
  backend:  "candle",
  kind:  "Int",
  dtype:  "i64",
}
